message: CENVymmVZfSYh7qRv4JOtJgETxS2ic9n0BffhA9y
architecture used: BPSK
message: CENVymmVZfSYh7qRv4JOtJgETxS2ic9n0BffhA9y
[-13.06384529  13.06384529  13.06384529 -13.06384529 -13.06384529
  13.06384529 -13.06384529  13.06384529 -13.06384529  13.06384529
  13.06384529  13.06384529 -13.06384529 -13.06384529  13.06384529
  13.06384529  13.06384529 -13.06384529 -13.06384529 -13.06384529
 -13.06384529  13.06384529  13.06384529 -13.06384529 -13.06384529
  13.06384529  13.06384529  13.06384529 -13.06384529  13.06384529
  13.06384529 -13.06384529  13.06384529 -13.06384529 -13.06384529
  13.06384529  13.06384529 -13.06384529  13.06384529 -13.06384529
 -13.06384529  13.06384529 -13.06384529 -13.06384529 -13.06384529
  13.06384529  13.06384529 -13.06384529 -13.06384529 -13.06384529
 -13.06384529 -13.06384529  13.06384529 -13.06384529  13.06384529
  13.06384529 -13.06384529 -13.06384529 -13.06384529 -13.06384529
 -13.06384529 -13.06384529  13.06384529 -13.06384529 -13.06384529
  13.06384529 -13.06384529 -13.06384529 -13.06384529 -13.06384529
  13.06384529  13.06384529  13.06384529 -13.06384529  13.06384529
  13.06384529  13.06384529 -13.06384529  13.06384529  13.06384529
  13.06384529 -13.06384529 -13.06384529 -13.06384529  13.06384529
 -13.06384529 -13.06384529  13.06384529 -13.06384529  13.06384529
 -13.06384529 -13.06384529  13.06384529 -13.06384529  13.06384529
 -13.06384529  13.06384529 -13.06384529 -13.06384529 -13.06384529
 -13.06384529 -13.06384529  13.06384529  13.06384529  13.06384529
 -13.06384529  13.06384529  13.06384529 -13.06384529  13.06384529
 -13.06384529 -13.06384529  13.06384529 -13.06384529 -13.06384529
 -13.06384529  13.06384529  13.06384529 -13.06384529  13.06384529
  13.06384529 -13.06384529 -13.06384529 -13.06384529  13.06384529
 -13.06384529 -13.06384529  13.06384529 -13.06384529 -13.06384529
  13.06384529 -13.06384529  13.06384529 -13.06384529  13.06384529
  13.06384529  13.06384529  13.06384529 -13.06384529  13.06384529
 -13.06384529  13.06384529  13.06384529  13.06384529 -13.06384529
 -13.06384529  13.06384529 -13.06384529 -13.06384529 -13.06384529
 -13.06384529  13.06384529  13.06384529  13.06384529  13.06384529
 -13.06384529 -13.06384529 -13.06384529  13.06384529 -13.06384529
 -13.06384529  13.06384529  13.06384529  13.06384529  13.06384529
  13.06384529 -13.06384529  13.06384529  13.06384529 -13.06384529
  13.06384529  13.06384529 -13.06384529  13.06384529  13.06384529
  13.06384529 -13.06384529 -13.06384529  13.06384529  13.06384529
  13.06384529  13.06384529 -13.06384529  13.06384529  13.06384529
 -13.06384529  13.06384529 -13.06384529  13.06384529 -13.06384529
 -13.06384529 -13.06384529  13.06384529  13.06384529  13.06384529
  13.06384529  13.06384529  13.06384529 -13.06384529  13.06384529
  13.06384529 -13.06384529  13.06384529 -13.06384529  13.06384529
  13.06384529 -13.06384529 -13.06384529 -13.06384529 -13.06384529
  13.06384529  13.06384529 -13.06384529 -13.06384529 -13.06384529
 -13.06384529  13.06384529 -13.06384529  13.06384529  13.06384529
  13.06384529 -13.06384529 -13.06384529  13.06384529  13.06384529
 -13.06384529  13.06384529  13.06384529  13.06384529  13.06384529
 -13.06384529  13.06384529  13.06384529 -13.06384529 -13.06384529
  13.06384529  13.06384529  13.06384529 -13.06384529  13.06384529]
signal's energy: 40959.37293302589
signal's length: 240
[ 3.56068172e+00 -3.43348437e+00 -1.55071326e+00 -2.50773123e+00
 -2.11130839e+00 -7.63993762e-01 -8.91518901e-01  4.77170933e-02
  2.35824755e+00  3.50139880e+00  2.20384123e+00 -9.39101754e-01
  5.14556996e+00  8.57913049e-01 -2.67702490e+00  6.91662935e+00
  8.79004195e-01 -3.05871193e+00  7.23449211e+00 -8.80563902e+00
 -7.55731672e-01  3.89931243e+00 -7.82483773e+00  2.02690856e+00
 -4.32372365e+00 -3.96397475e-01  6.14313432e+00  5.61082378e+00
  6.17088499e+00  2.82261253e+00 -6.36804738e+00 -6.99346770e-01
  4.05081713e+00 -6.71779539e+00  9.03879434e+00 -2.90229790e+00
  4.40384413e-01  5.26815532e+00 -4.21431304e+00  6.85537997e+00
  5.20127179e+00 -7.45985113e+00 -3.93276882e+00  3.85301649e+00
 -2.85506339e+00  6.13581840e+00 -1.22482265e+00  4.24920251e+00
 -5.77201391e+00  3.65612524e-01  3.56240907e+00 -2.98063404e+00
  9.88821137e-01 -2.93909245e+00 -2.59114434e+00 -3.61028855e+00
  8.64285418e-01  1.69979749e+00  1.50819114e+00  1.29804183e+00
  6.52415476e-01 -2.27703712e+00 -1.96950819e+00 -2.16047591e+00
 -1.40715881e+00 -3.45321032e+00  1.84712736e+00 -3.34981338e-01
  7.78038771e+00 -7.93892973e+00 -1.84203029e+00 -7.02989264e-01
 -8.14417096e+00 -2.38609993e+00 -8.59730758e+00 -6.74878834e+00
 -9.27439603e+00  1.29728872e+00  3.45833758e+00  7.78247568e-01
 -3.11309129e+00  1.17529994e+00 -3.00534173e+00 -9.79965837e-01
  1.91579822e+00  4.58557129e-01 -1.37644592e-01 -3.13658191e+00
 -6.82610630e+00 -1.68265925e-01  1.46187182e+00 -3.31130150e-01
 -7.25277217e+00  1.52919845e+00 -4.55557325e-01 -1.24039363e+00
 -4.41885451e+00 -5.93929534e-01 -2.27306965e+00  7.27278999e-01
 -1.44874105e+00  2.31252392e+00 -2.98097605e+00 -3.64738856e+00
 -2.24738545e+00  7.51891422e+00 -5.12753627e+00  1.92810519e+00
 -9.54354193e-01  3.21348250e+00 -5.82480203e-01 -4.37638114e+00
  2.57698982e+00 -6.96477162e+00 -4.01839438e-01  5.17089279e+00
  7.66734855e-01 -3.44597829e+00 -4.07984524e-01 -3.56331789e-01
 -4.66157979e+00  1.87742391e-02 -3.01920749e+00 -3.46157421e+00
  6.97181998e-01  4.15826346e+00  1.13607464e+00  1.15102586e+00
  7.10381775e-01 -5.18458776e+00 -5.29381146e+00 -3.42614769e+00
 -3.27266800e+00 -1.14510383e+00 -2.94758311e+00  2.38878945e+00
 -3.95514516e+00 -6.02205509e+00 -8.59188695e-01  8.93753118e+00
  3.32022408e+00  5.39024410e+00 -3.24593866e-01  3.47163854e+00
  5.72966602e+00  2.01746992e+00  2.25789216e+00  7.97536594e+00
 -3.51426600e+00 -2.21976617e+00 -2.13672222e+00 -1.63751555e-01
 -1.70983448e-01 -6.34571886e-01  4.97028555e+00 -8.69415614e+00
 -6.99754684e+00  1.95368593e+00 -3.96410414e+00  1.70926857e-01
 -7.24782122e+00  5.53688998e-01 -4.10169378e+00 -6.65891746e+00
  4.14520818e+00  1.93420196e+00 -8.06358539e+00 -4.92731860e+00
 -5.45805119e-02 -5.80180661e-01  6.20504116e+00  2.43464662e+00
  3.81109824e+00  2.70410831e+00 -1.10998432e+00 -3.33291159e+00
 -2.49862175e+00 -3.46021415e+00  5.71128387e+00  1.33054708e+01
 -5.59876184e+00 -3.06813605e+00  4.14418200e-01  1.32277650e+00
  8.73796558e-02  5.62190446e+00 -2.88217528e+00 -4.12080560e+00
 -1.13457605e+01 -9.62096531e-01  4.04765983e+00 -5.82451408e+00
 -5.88776219e+00 -2.66630864e+00 -1.52280778e+00 -4.95496812e+00
  4.01460205e-01  8.93432014e+00  1.65871997e+00  1.01347820e+01
  5.54585603e+00 -6.00533321e+00 -2.78755644e+00 -1.55580506e+00
  2.84581448e+00 -5.41096124e+00  5.12788288e-01 -3.91359488e+00
  5.06742861e+00  6.48987166e+00  2.51668587e+00 -6.91063604e+00
  6.67607309e+00 -2.62551014e+00  8.27546735e+00 -2.53745982e+00
 -2.13768272e+00  1.12139569e+00 -3.41342609e+00 -6.52189830e+00
  1.77180264e+00 -2.32808988e+00  5.90754137e+00  3.53047490e+00
  8.40209996e+00  6.85181022e-01  1.90494454e-02  4.37656943e+00
  1.04700126e+01 -6.88410490e-01 -1.06643649e+01  1.22846620e+00
 -7.50759547e+00  7.04290349e+00  8.07279526e+00  1.13925948e+01
 -3.84179870e+00  2.10273380e+00 -5.96828842e+00  2.41836394e-01
 -1.11685912e+01  1.20343958e+01  1.28547877e+01 -1.69893257e+01
 -6.43670715e+00  1.58192909e+01 -1.01019149e+01  1.62730369e+01
 -7.52931726e+00  6.71618700e+00  1.26018221e+01  1.24154033e+01
 -1.62720772e+01 -4.19571200e+00  1.20946203e+01  1.87199871e+01
  1.61041491e+01 -1.51464384e+01 -1.36642475e+01 -5.10471656e+00
 -1.08906619e+01  2.44341803e+01  1.47618840e+01 -8.51408163e+00
 -1.64215715e+01  1.53286502e+01  1.08897160e+01  1.14413940e+01
 -1.39110270e+01  9.55438161e+00  1.04034239e+01 -2.63973783e+01
  5.64371342e+00 -5.62865534e+00 -9.40556483e+00  8.92207276e+00
  1.41356431e+01 -8.75813854e+00  7.66160072e+00 -1.02579447e+01
 -2.06262228e+01  2.44457125e+01 -1.88366132e-01 -1.93276232e+01
 -1.09482239e+01  9.93884492e+00  2.07477647e+01 -1.00915288e+01
 -1.89172515e+01 -2.19422466e+01 -1.66486894e+01 -2.33128679e+01
  1.53917833e+01 -6.37876734e+00  8.69513042e+00  1.21685914e+01
 -8.07069103e+00 -2.46460422e+01 -1.62500186e+01 -2.23836308e+00
 -1.43140426e+01 -1.88609735e+01  1.92114236e+01 -9.54723689e+00
 -1.99467264e+01  1.46018097e+01 -1.17815492e+01 -1.75096443e+01
 -1.72642290e+01 -1.01108559e+01  3.57818163e+00  1.24801126e+01
  9.53388675e+00 -1.30356129e+01  4.19975992e+00  1.10892746e+01
  2.34883421e+01 -1.74022850e+01  5.64515805e+00  1.23184370e+01
  8.12805497e+00 -1.54144252e+01 -8.73827399e+00 -7.54222733e+00
  1.64217144e+01 -9.17877472e+00 -1.18139258e+01  1.52001832e+01
 -1.56668814e+01  1.28332373e+01 -2.09358688e+00 -1.52875562e+01
  3.13299743e+00 -2.81602991e+00  1.44269893e+01 -6.64321175e+00
  1.32189215e+01 -1.96522088e+01 -2.04190542e+01 -9.25450036e+00
 -1.33726714e+01 -8.81669136e+00  1.31907361e+01  1.59082898e+01
  4.67910045e+00 -1.96221003e+01  8.76076260e+00  5.75357697e+00
 -9.05734430e+00  1.55609271e+01 -1.16015182e+01 -1.87396671e+01
  1.80414028e+01 -1.91727502e+01 -1.02080645e+01 -1.21478979e+01
  4.43889722e+00  1.80700635e+01 -2.03511981e+01  9.74751486e+00
  1.91302518e+01 -1.49803674e+01 -9.03086475e+00 -1.41248690e+01
  8.24273234e+00 -1.41777044e+01 -1.29051183e+01  1.35639570e+01
 -1.08935543e+01 -1.45826501e+01  1.01812816e+01 -1.54595625e+01
  1.21817494e+01 -1.53123386e+01  1.82080999e+01  2.97618538e+00
  1.36348965e+01  1.60528861e+01 -2.37788701e+01  1.40558197e+01
 -1.29307349e+01  9.93074706e+00  1.70069600e+01  1.78156458e+01
 -1.10531403e+01 -1.80293087e+01  1.41207751e+01 -1.03584520e+01
 -1.57707718e+01 -1.74784597e+01 -1.20584714e+01  1.90782086e+01
  3.29239147e+00  1.80524976e+01  1.25673337e+01 -1.15258984e+01
 -4.61785404e+00 -6.43338905e+00  1.68746865e+01 -1.59018564e+01
 -9.00801933e+00  1.48209096e+01  1.30307001e+01  7.18002524e+00
  1.77997753e+01  4.40558055e+00 -1.54271186e+01  2.04703257e+01
  6.80430169e+00 -1.67768756e+01  8.18983714e+00  1.42762869e+01
 -2.32295251e+00  1.85676402e+01  1.00337377e+01  1.27378758e+01
 -2.85490384e+01 -1.41865834e+01  3.05868541e+01  1.91282684e+01
  6.68749638e+00  5.80114967e+00 -1.98207374e+01  1.40371123e+01
  1.62176863e+01 -8.10935596e+00  1.60956847e+01 -1.69671016e+01
  1.51344815e+01 -5.78787339e+00 -1.61387422e+01 -9.81089719e+00
  8.31045424e+00  1.45370929e+01  1.66141270e+01  1.99115864e+01
  1.28040787e+01  7.89189763e+00 -1.76739689e+01  5.40556506e+00
  7.72314286e+00 -1.27662445e+01  1.23317944e+01 -2.06288062e+01
  1.39374232e+01  1.41717352e+01 -2.56872535e+01 -1.00893975e+01
 -1.69311186e+01 -5.10867381e+00  8.58631579e+00  1.18683424e+01
 -1.44711708e+01 -1.21134018e+01 -1.86617194e+01 -1.91816582e+01
  1.28268988e+01 -1.97162235e+01  1.05624186e+01  1.51651726e+01
  1.12621191e+01  1.04540681e+00 -8.72125043e+00  1.65207550e-01
  1.35996665e+01 -1.49803077e+01  1.24460967e+01  2.48500786e+01
  1.10937512e+01  6.41730058e+00 -1.25885126e+01  9.93258779e+00
  1.40314068e+01 -1.15757370e+01 -2.78617658e+00  1.50844031e+01
  1.94046339e+01  1.16106716e+01 -9.42193814e+00  1.51503112e+01]
CENVymmVZfSYh7qRv4JOtJgETxS2ic9n0BffgA9yTest failed